3.095526668823130834e+01 1.581066831313095733e+01 4.155061773978265904e+01
1.675152607160840290e+01 5.456615418406932605e+01 2.636728039657190692e+01
5.065080037856756690e+01 2.955092547662287572e+01 2.561672008825667035e+01
9.081740058612190580e+00 3.238412338488230091e+01 3.735099515031649275e+01
2.678599482885456950e+01 2.867369550249905785e+01 2.173688050284469497e+01
4.788570944351603487e+01 7.101746847610054481e+00 2.656214434419033665e+01
2.399542294486188254e+01 8.520146827266680489e+00 2.361851092351522041e+01
1.995988829901735073e+01 4.796488083498991273e+01 4.488390651786649244e+01
3.550598641643924935e+01 3.397292827771136103e+01 3.813314674082671019e+01
4.911544473702965519e+01 1.987495474567267451e+01 4.102763695719089299e+01
1.244671214063959219e+01 3.691689883584062670e+01 2.182816676230823205e+01
3.966649512973830127e+01 1.999645390133796141e+01 2.095368256506914406e+01
2.641931917235765326e+01 4.309724778273004375e+01 2.826189484394127049e+01
2.021419388925586702e+01 2.289630132599833345e+01 3.521634392949920311e+01
1.071797264823318230e+01 4.584399790481734982e+01 3.445983051962031141e+01
2.150555116552300916e+01 3.544843306531544869e+01 3.811565842357300937e+01
3.769137756771796433e+01 1.251633600199892449e+01 3.159917883484119727e+01
4.956066751165268158e+01 7.646271853236058291e+00 3.886461012966878315e+01
3.789746062740579191e+01 3.264824534115130916e+01 2.464860261823869436e+01
5.222988272119523145e+01 1.805605806826619286e+01 2.847052343884196191e+01
4.690020859671312792e+01 3.155045305003204703e+01 3.784126089229881984e+01
1.936707834097500225e+01 4.696469084540111538e+01 1.839476931790743564e+01
2.512399697570832657e+01 7.488221808092673903e+00 3.683580486470031445e+01
2.801864352472252051e+01 2.650406957244700834e+01 4.219176434790928454e+01
3.871922529166373295e+01 2.327019181065728048e+01 4.233770249458596169e+01
2.206998360929407355e+01 1.898741458790312819e+01 2.528094696801381502e+01
1.762188417664878770e+01 3.105156303028995168e+01 2.901856390267472818e+01
1.886797853248167556e+01 5.435643534149961198e+01 3.699943964308276634e+01
3.022744810472602950e+01 1.563678380205273655e+01 2.119212330789066101e+01
6.464229181393978507e+00 3.765943122424833689e+01 2.933297787619361685e+01
5.384640777699819836e+01 2.651640812273128489e+01 3.436874232235823712e+01
2.880733998849258626e+01 1.504030381795928228e+01 3.194009523411915907e+01
1.160663959121996491e+01 4.557823098610457890e+01 2.484418270946530782e+01
4.745422979947242226e+01 1.468325867277335739e+01 2.153053717381186161e+01
2.267835687207065121e+01 4.648741879662242837e+01 3.603503247790950326e+01
2.232626419071982937e+01 1.606271530181424367e+01 4.034373778712294012e+01
4.614429326543649523e+01 1.368022730193256642e+01 3.333299898675713990e+01
3.320327671665267388e+01 3.727128935205510629e+01 3.045344257446316405e+01
2.081571635333655834e+01 3.711937833687266419e+01 2.365915046820932943e+01
4.529323985643561201e+01 3.458359387640039273e+01 3.001961369768695675e+01
1.605278713159156823e+01 4.258575486884436145e+01 3.993158058544608480e+01
4.131604489610723618e+01 1.576934543926133969e+01 3.973711822727690191e+01
4.396736878076829669e+01 2.636747278629493252e+01 2.140913999827816738e+01
3.323454134489104206e+01 2.499869912021969753e+01 2.030569815427413616e+01
2.128415119195820537e+01 4.832162037321077008e+01 2.643303837464502237e+01
1.027082781065346673e+01 3.130901251908144900e+01 2.856514732600502171e+01
8.344087380267778187e+00 3.964060813643310865e+01 3.767779453668411804e+01
3.043066116588276770e+01 9.623441180511576931e+00 2.687763195340206224e+01
2.976189390280817193e+01 3.471100109947695245e+01 2.440263750540035304e+01
2.845150024133214828e+01 3.626931046166476591e+01 3.677757401421958150e+01
5.230084284710424214e+01 1.599418533284191035e+01 3.595690593547759306e+01
2.115077373578490594e+01 2.609763703408248858e+01 2.553007005815303287e+01
1.502763788906165487e+01 3.584506831701643392e+01 4.090999520236148612e+01
5.092179800755187102e+01 2.306801348162709075e+01 2.365054725510564992e+01
4.075685488787168964e+01 2.940798721224670942e+01 4.035725729782645743e+01
4.162957104019753984e+01 1.513287301494407444e+01 2.521758515778249787e+01
1.428415365859791208e+01 5.124801546553631937e+01 3.151255664096984432e+01
2.699520010768308609e+01 2.223202604245607716e+01 2.048100526436457969e+01
1.689691016341731356e+01 3.143759123322984550e+01 3.583148953164354822e+01
3.523977610863704513e+01 1.507708801381392938e+01 2.529790459492152976e+01
2.392884679696582850e+01 1.482615348462046256e+01 2.083598930187198661e+01
4.931765442191173321e+01 2.619575434217666299e+01 4.027395561709751348e+01
3.131487945841061915e+01 1.046198944160979494e+01 3.818686126153664873e+01
1.813674317928757063e+01 4.277860238156412720e+01 2.314955727691403808e+01
4.175562322473032850e+01 3.409183365445156966e+01 3.512043387831905505e+01
2.363180337473955461e+01 1.292424914561419591e+01 2.797492694299568328e+01
2.315646099870575014e+01 1.821161133078335581e+01 3.240826483338063468e+01
2.390605255691825448e+01 2.964525573325202501e+01 3.885786576803586456e+01
2.680970241828281075e+01 4.218437327477483478e+01 3.466020163497720574e+01
2.064810112778628337e+01 5.091174749949777123e+01 3.190116842878602199e+01
4.411241371119518817e+01 1.036553922568501207e+01 3.801107860594774479e+01
3.271272551218401503e+01 2.148673237289055393e+01 4.272299867936962414e+01
5.118036566025932643e+01 3.159071992449872823e+01 3.243610703019817976e+01
3.429778171159721722e+01 2.737115574861279654e+01 4.201081400726830850e+01
2.617419533334552284e+01 2.005719889521367350e+01 4.261302331139801680e+01
2.409163231933963800e+01 3.249618057986134545e+01 2.558204556127761364e+01
2.578577365810659217e+01 1.173990615858924613e+01 4.246018223706988692e+01
5.200279381839490611e+01 1.216336375978116102e+01 2.797908927727215911e+01
1.552669147733792698e+01 4.958598023489729911e+01 3.746539025133406398e+01
5.367499712875525830e+01 2.398156640203995948e+01 2.915189667614358271e+01
3.600053655516951068e+01 1.471578127295585681e+01 3.776344660365190009e+01
2.379161705303692997e+01 1.269415198514273158e+01 3.486741429445221030e+01
4.978152108235756401e+01 1.421272100422679507e+01 4.121593677184590376e+01
1.435291158941191725e+01 3.218937676821079918e+01 2.438103945260496985e+01
5.074944908247189090e+01 1.062736852254711906e+01 3.396557289089004428e+01
3.334516256542384127e+01 3.060374848166575390e+01 2.228537613769320913e+01
5.273466859968810638e+01 2.146027872960157978e+01 3.606094086875945237e+01
2.333540573035891441e+01 4.052486208599111706e+01 3.880792378225581984e+01
9.732349246545014765e+00 4.343298731291013581e+01 2.968693972301930728e+01
1.901456846231811326e+01 2.608283927478485609e+01 3.068542335962980161e+01
4.460985344500821981e+01 2.419436709023627330e+01 4.179034580904894369e+01
7.544136897437412337e+00 3.756037418024927632e+01 2.415917508265492941e+01
2.531365786954925312e+01 3.777869391189168624e+01 2.635269626791588138e+01
4.503200138316880441e+01 1.929248379114099876e+01 2.141685078772763973e+01
3.807105461179977368e+01 3.554649013434288918e+01 3.006750459961999056e+01
3.832905234787313731e+01 2.573467415074929221e+01 2.081890160772146814e+01
3.089142491187807593e+01 3.244961913763334849e+01 3.984555594195157369e+01
2.338918563301666964e+01 2.490423709328524993e+01 4.047276738175980171e+01
4.447570012520037608e+01 1.189692889782520169e+01 2.780927646413372756e+01
1.839162999710634594e+01 4.998874068983415953e+01 2.270774840913813719e+01
2.296737913407417508e+01 4.215644041446737589e+01 2.424024106529025602e+01
3.714952353483894854e+01 1.762915760131973997e+01 4.175152292533592657e+01
2.457850128048894689e+01 4.762120950314907475e+01 3.157784431833732341e+01
4.507312573045097537e+01 3.067886311302164160e+01 2.360668320930491149e+01
4.557499208912489053e+01 9.949866438289905801e+00 2.322958177982380334e+01
3.286551597590274554e+01 1.977327351630160379e+01 2.053679531389017399e+01
6.562043993568933864e+00 3.551585285180036777e+01 3.447238604947514773e+01
2.835062795265985258e+01 3.767747335344213866e+01 3.204513813856871707e+01
1.297734454436901785e+01 3.036528177594553668e+01 3.304989291231876081e+01
3.334071034503296715e+01 1.401551900741683809e+01 3.375056637083124400e+01
2.068817529156643076e+01 2.115849689909164510e+01 2.939683846179701732e+01
4.441630483216736991e+01 1.903699380821123199e+01 4.159787470153851530e+01
2.134500825570206572e+01 4.440767313898436441e+01 4.080125408448627411e+01
1.944251035286521301e+01 4.956195555820507082e+01 4.040315966417404780e+01
4.011237778857402247e+01 1.359015964315683078e+01 3.557665593505141288e+01
1.323563816573750174e+01 4.148514329912378429e+01 2.288931669219728704e+01
5.182433018745147280e+01 1.342462498955245742e+01 2.340163448119892919e+01
2.858436270085577391e+01 1.123243177381686131e+01 2.112216075590073672e+01
2.247598780691993881e+01 1.060626096384172889e+01 3.913350834978258064e+01
1.182497267753770842e+01 4.844824024610629465e+01 2.873858541396496591e+01
7.808137864006595485e+00 4.007463865410418435e+01 3.306632548324722620e+01
9.815302271167778869e+00 3.301241450923476606e+01 2.392357772174761621e+01
2.557376147695994462e+01 8.727577108510985227e+00 2.799606705395832407e+01
1.899125517976530375e+01 3.908254626541523180e+01 4.032368264139197578e+01
2.019812680343716949e+01 2.830776426403246049e+01 3.526789955255879505e+01
4.635441478856601094e+01 9.075698790413218475e+00 3.424076601222999017e+01
4.258870983792871812e+01 3.351886558447758802e+01 2.654597768660004320e+01
4.994790033618291147e+01 1.661475889827367070e+01 3.218667084804014422e+01
3.426653707124942372e+01 3.518957095980987049e+01 2.533967178393841380e+01
4.998559050180161734e+01 9.174264224947801694e+00 2.303072288078517360e+01
1.166292536863862317e+01 4.282815697491681561e+01 3.908809172156161793e+01
4.738269637544844670e+01 3.380823124943243840e+01 3.389230381656518176e+01
4.521993467624371732e+01 2.846482720449685644e+01 4.062733017535627766e+01
9.433687499559821887e+00 4.137507400433459281e+01 2.536124005150167449e+01
3.104475947390069024e+01 1.500581509591192919e+01 2.814102803189320667e+01
4.821557402171986695e+01 1.066034223274777304e+01 2.969771481346095499e+01
3.300194776205354685e+01 3.672979613618581851e+01 3.585075327688522862e+01
1.071014620957215868e+01 3.639439994638488685e+01 4.109758879884861926e+01
1.634797601201307060e+01 4.631022784664446590e+01 2.143723350940117101e+01
4.857563069745305739e+01 3.273151664923245363e+01 2.759732148019393705e+01
2.888827821494795955e+01 9.654078143521877209e+00 3.475359050949812456e+01
2.807981984060823777e+01 7.494303643541718074e+00 2.394510489886649296e+01
4.122476652753933024e+01 2.935839611018963069e+01 2.247153122109641288e+01
5.032287836404014314e+01 1.914638534362267919e+01 2.239219174836413728e+01
4.550674808348673395e+01 1.313640670165110613e+01 4.078574141999259695e+01
3.169405205665800906e+01 1.310347018522997686e+01 2.413804931011101829e+01
2.873075279139143134e+01 8.857689372982189724e+00 4.099433380360563461e+01
2.668299863177065845e+01 3.270837662681924485e+01 3.879166029064809607e+01
1.251015066130138820e+01 4.678521983543549823e+01 3.826983984509534764e+01
1.647567988209068801e+01 3.772445419730070881e+01 2.219162315583589873e+01
1.316461627312964922e+01 3.109809603485196305e+01 3.752300546692518424e+01
2.110796357366237785e+01 3.004466570592112262e+01 2.698230326875255614e+01
3.888738728524369748e+01 1.324682596349569152e+01 2.779590240177947535e+01
2.265997943679685278e+01 2.198155018719096176e+01 2.272021670688317485e+01
2.515476214812128575e+01 1.869955184257147707e+01 2.043183993155763289e+01
1.813474515115925101e+01 3.316901536149877927e+01 2.515148191956253143e+01
2.009096195503311577e+01 4.976373103369510176e+01 3.648847952301218811e+01
2.921486511396091146e+01 3.738341847879896562e+01 2.817877853711527081e+01
1.591968559315295018e+01 4.803621121441723574e+01 4.138403195738295892e+01
2.366039164177482590e+01 1.715947551455617770e+01 2.862447989105509194e+01
2.184916417554283186e+01 4.540364022211697659e+01 2.229920213371292803e+01
5.063578905342450298e+01 2.895287647154441046e+01 3.779938716489108685e+01
7.238988897992389759e+00 3.567010156141354571e+01 3.837765273008813693e+01
3.713470279361494875e+01 3.074268025026351125e+01 3.986226705606539866e+01
4.782202791341705250e+01 2.809376228071913317e+01 2.265713234684715616e+01
1.872592982234170123e+01 5.218368169525128053e+01 2.872078508148112874e+01
3.552644573768842662e+01 1.693636232792765739e+01 2.193349261624832636e+01
2.772770535096882227e+01 1.295917120540580925e+01 2.888440832538411485e+01
2.243279244729477639e+01 1.215026168347425539e+01 2.314602113313109299e+01
1.487528918727032057e+01 4.830255247962504228e+01 2.436663856075712431e+01
5.219316545858936962e+01 2.531925589227461515e+01 3.760495636101258299e+01
4.208777460784584434e+01 2.293552750408291629e+01 2.101953673934862010e+01
5.240415740704488456e+01 1.172566580190492047e+01 3.720763596029603804e+01
3.726397044450373386e+01 2.968763787488828498e+01 2.235710377778186242e+01
2.276269732651748612e+01 1.635440172820220184e+01 3.568025042673211544e+01
2.172400873674050459e+01 2.057310902006822673e+01 3.774948628175644672e+01
2.406523900555765749e+01 4.622566584926607902e+01 2.813584770248602140e+01
7.487751394196116017e+00 3.343734772254590126e+01 2.989022868278961553e+01
4.147486895048410815e+01 1.323406007969291132e+01 3.049877425679518339e+01
5.267996909691808582e+01 2.605119184621795014e+01 2.623630167860212126e+01
4.032748506125553689e+01 3.230883310890889959e+01 3.804097948674078822e+01
1.397712407267147938e+01 3.045525061612072903e+01 2.929364667656501808e+01
1.703597152722041486e+01 5.248584785119201257e+01 3.440404918658014566e+01
3.560665713065191085e+01 3.645428581707462001e+01 3.326167823104178467e+01
5.132483623376705850e+01 8.407816814034065445e+00 2.670551490854148113e+01
2.320884438659410520e+01 2.863876995020575222e+01 2.392504626704279502e+01
2.809552115358137314e+01 2.991310431653744573e+01 4.091754934429197021e+01
4.805133273676247541e+01 2.446839356778730235e+01 2.190701347204826632e+01
2.480100095037558461e+01 3.572631990382848244e+01 3.659825156141597091e+01
5.286588625022049115e+01 2.025025871813729594e+01 3.264140664354418675e+01
4.155898896540124809e+01 3.477384116892835664e+01 3.070665115979621973e+01
3.441425387715541717e+01 1.378639706792790420e+01 2.864386079559502818e+01
5.432724429355128848e+01 2.741768037281884318e+01 3.005377563509848216e+01
2.859984473551928019e+01 3.162173435898032281e+01 2.271325242215099394e+01
2.748496319844868552e+01 4.133961398460898806e+01 3.123282651431561519e+01
3.612292765880908263e+01 2.287331886654479263e+01 2.046741318037984669e+01
4.810434484028252200e+01 1.424428104920809446e+01 3.023123201348775524e+01
3.024044097256109964e+01 2.817728752978594642e+01 2.095588913428084155e+01
5.266173840910425241e+01 2.145481702510399558e+01 2.683599053598316431e+01
4.695668313886498169e+01 9.882376238826042325e+00 4.067193256894353937e+01
1.829785056280597999e+01 3.478253121516247148e+01 3.944131249949345630e+01
2.436028627664264690e+01 4.346671254915773375e+01 3.716347172418931422e+01
3.053143530301982977e+01 1.219052521091303021e+01 4.113791782099514194e+01
3.920412063668418767e+01 1.621039536227436528e+01 2.294294043647520454e+01
3.252175961268810056e+01 1.485489689203241781e+01 3.757745563976534697e+01
8.436840642773550059e+00 3.240830196562298937e+01 3.393181644176704737e+01
1.184835464552646300e+01 4.884999270253057801e+01 3.218935117842550397e+01
4.142306532350905002e+01 2.072878872050949184e+01 4.192467587627863423e+01
5.056932664715699843e+01 2.268303689475308360e+01 3.967593227606699458e+01
4.355017430279653468e+01 3.136884487056494564e+01 3.878163346872709383e+01
1.284363416491165388e+01 3.320851529356393428e+01 4.021709808547505816e+01
3.146259562402910603e+01 2.940121330114807918e+01 4.131034464537226114e+01
2.956475171534136948e+01 1.959599097219506447e+01 4.273467361276708942e+01
2.647762737580612935e+01 3.873842734156364997e+01 3.546345236159709913e+01
4.633423845910515837e+01 7.336059560787463241e+00 3.718885801949586778e+01
5.211118440671430818e+01 1.667915623124708802e+01 2.439283584407409577e+01
4.302206918414444914e+01 1.410984222072085004e+01 3.725957090270285477e+01
2.343087152002735962e+01 2.147204646709495890e+01 4.121165173062323817e+01
2.559595687630063665e+01 1.509766884318848845e+01 4.276828473617319304e+01
2.314093988659274714e+01 2.546917334492056995e+01 2.276699551857386439e+01
3.126148462175380516e+01 2.569858127535524872e+01 4.261065656717585881e+01
2.885134079542099883e+01 1.851432847170883278e+01 2.030880919240139804e+01
2.151802590500884094e+01 4.736979525681069703e+01 3.904769830621746962e+01
4.443007492309171624e+01 1.585149199685728760e+01 2.217801965327986835e+01
2.589527314614009157e+01 1.608643724929327590e+01 3.305428338615152484e+01
5.057269246455479816e+01 7.860564208499177141e+00 3.573299780490538780e+01
1.718800997784832774e+01 3.069629948856869106e+01 3.265102693744427143e+01
8.107678908177421206e+00 3.307493303412545771e+01 2.668689020097777487e+01
9.992586800979408324e+00 4.319111131218254229e+01 3.615590159805661585e+01
1.255584303199677798e+01 3.902069189409161254e+01 4.076540205975598496e+01
2.238164920482383025e+01 1.723196163558663230e+01 2.260044080851868387e+01
3.046635528509275304e+01 1.349704713748790397e+01 3.552358205475934483e+01
4.455843268722117756e+01 1.439949366556406574e+01 2.980474561497710084e+01
3.506148980462935327e+01 2.364877461625134458e+01 4.265451747403896121e+01
1.426063537643217671e+01 5.075535819536705162e+01 3.466535729968510537e+01
3.463558183970797444e+01 1.615113932818992026e+01 4.025318370423806869e+01
1.500048154948822265e+01 3.492695254273852612e+01 2.248173203103755569e+01
4.482231118367434419e+01 8.848442518798828260e+00 2.707400336763627280e+01
2.029729882024154008e+01 2.358541909064308939e+01 2.723566630974127278e+01
3.834993786164646679e+01 2.770277147986514521e+01 4.145393510972050422e+01
7.993833395260990571e+00 4.038072986831090105e+01 2.965773007231989311e+01
1.754418424055593206e+01 4.934153148611752471e+01 1.975632751675484400e+01
3.835653874301412003e+01 3.414170082119146343e+01 3.643784980181113298e+01
4.797363350215873368e+01 3.102588209554836851e+01 2.473101862575422061e+01
4.901159646161860195e+01 3.330875822035663703e+01 3.097546529556647599e+01
2.334268347078640460e+01 3.903999371736814084e+01 2.429275708185528515e+01
5.209962388774355446e+01 1.814084070684839745e+01 3.820777522702107376e+01
1.012107750557972885e+01 3.882522657122830623e+01 2.261301440172380595e+01
2.136969526093451677e+01 2.023752619280815068e+01 3.391205042348721577e+01
4.254825463409363095e+01 1.379435635024333173e+01 3.368397288897602948e+01
2.530996823371924620e+01 9.622879130481791776e+00 3.461181294754641868e+01
4.512300628273310110e+01 2.337693399745576883e+01 2.125749494523839900e+01
2.186023710322437097e+01 3.054016775350394042e+01 3.657160062049842963e+01
1.942213553798204373e+01 4.207660672638710508e+01 3.981378706202906415e+01
4.917513845830553976e+01 1.330769748771879257e+01 3.305209726420691396e+01
4.684082755454569735e+01 2.188599719286597889e+01 4.142358876216286490e+01
1.701208337171946283e+01 5.073357367065570855e+01 2.533283607674184523e+01
2.136628626892660421e+01 4.986678466176852709e+01 2.912225573274870882e+01
1.552676179349404251e+01 3.264870408421097636e+01 3.887129166484282905e+01
4.457660177720322991e+01 3.460543977826772988e+01 3.302084583894493619e+01
5.148483599961886625e+01 3.014456702517727038e+01 3.513934409383280411e+01
4.774223077175674490e+01 1.156076339471602665e+01 2.185295293374323577e+01
2.685747991242127952e+01 3.523363455344626516e+01 2.579705659353842506e+01
4.809166054797588430e+01 2.889892881990992990e+01 3.972996178264722289e+01
6.728071273664848029e+00 3.573842260769807666e+01 2.681656379825446734e+01
2.689830161895357108e+01 2.373459877438758880e+01 4.232428417313810343e+01
1.929922267107519929e+01 4.489714374549750886e+01 2.054794231215207390e+01
4.150148491860790756e+01 2.431331148092296957e+01 4.205060443922313596e+01
2.150718472950242344e+01 2.412775013262400492e+01 3.829021566923964315e+01
1.459857513503515314e+01 4.516670948537065300e+01 2.356399731983434975e+01
3.214384938541752490e+01 3.718152151509443826e+01 2.767740638560602662e+01
3.669406450963835198e+01 3.536788466950268628e+01 2.702163798606621015e+01
3.181912567928559810e+01 3.741339531950407604e+01 3.304885336037320087e+01
4.851992123063156725e+01 1.704732407126664739e+01 4.152515078128746495e+01
2.574110423197481623e+01 9.556496580130664498e+00 2.150997399576176861e+01
1.169961904263487185e+01 3.121736659908523848e+01 2.601391969740287280e+01
2.102425008351386282e+01 3.468724546188614255e+01 2.526616640790597756e+01
2.862045451516599570e+01 1.400706076929216337e+01 4.239732755267358755e+01
3.018008492851399893e+01 2.293944809780758121e+01 4.277091452548636141e+01
3.369373938724336881e+01 1.877338686173727922e+01 4.228978532690746306e+01
2.161650419771048348e+01 4.659494008418171518e+01 4.271016332427232953e+01
4.816807393247512437e+01 2.103191811719770499e+01 2.187150319472819859e+01
2.034049764765110879e+01 4.931984932961255197e+01 2.054786135565136362e+01
4.400839832201069157e+01 1.213321975512736195e+01 2.432920863086015117e+01
3.448099934903873987e+01 3.001405384454482572e+01 4.078040305216522654e+01
3.063470581190209785e+01 2.159444044002810159e+01 2.026150931105726727e+01
2.337168511958118700e+01 1.361554422745910209e+01 4.168917208127782459e+01
2.749845218297749128e+01 1.752851506938973358e+01 4.280995351707045415e+01
2.481972160431683605e+01 4.609566073686375631e+01 3.397693764494590596e+01
5.095329128743181712e+01 2.686626490616132656e+01 2.411676136547085036e+01
2.663230417300248476e+01 1.346104025459965570e+01 3.388808792510958767e+01
9.333909764344037185e+00 4.243642753209751106e+01 3.347938653115080143e+01
1.931689182256842940e+01 5.293992652916178798e+01 2.604818540679134031e+01
1.842947908317707473e+01 3.974499194515264122e+01 2.259537767158635191e+01
5.198486824385812355e+01 1.971804803977119747e+01 2.470076909372400564e+01
2.250578226018669525e+01 4.562055290292691012e+01 2.504467845656562019e+01
3.044855978822423737e+01 2.453397104217456715e+01 2.025783653860999323e+01
2.582073684628877430e+01 9.089042699864835484e+00 4.148974987512672641e+01
1.203784928297603507e+01 4.852480562628827698e+01 3.498033525431641522e+01
1.592792549342338937e+01 5.332473501758908441e+01 3.684537185505722334e+01
2.806123650122821545e+01 9.870783017306372642e+00 2.859790933160074289e+01
6.469344726347138419e+00 3.768949489219337323e+01 3.213386869765130882e+01
5.288683583026453050e+01 2.926959016389945134e+01 3.288513724112149106e+01
1.041614738789156114e+01 4.466037723997773412e+01 2.719912437972208608e+01
2.316436189405406054e+01 9.693499370283891636e+00 3.658617816949902846e+01
1.532523085079858483e+01 3.861706247590632302e+01 4.089852863640846437e+01
1.972651799990054045e+01 2.562624140997427702e+01 3.468388301949695318e+01
5.205087356412493449e+01 1.785959162528751065e+01 3.392132096037626354e+01
3.094922492907705802e+01 1.257681007063788670e+01 2.685932392527692514e+01
2.988634961508709509e+01 3.467597347709835276e+01 3.847793105163614769e+01
2.293033614453480951e+01 4.837174659570906243e+01 3.362265369339353782e+01
2.652503583838889512e+01 4.008463973148852233e+01 2.716395880640699190e+01
4.425130245043645516e+01 3.311205764978517152e+01 3.680869483081210802e+01
1.933898996664428083e+01 2.894070356382746567e+01 2.900708934234888048e+01
7.492195786004471003e+00 3.915621315308242600e+01 2.636004924469982669e+01
3.299130329697724306e+01 1.635726847173673093e+01 2.271392679703460260e+01
2.139253388869545347e+01 4.788145332154704192e+01 2.328709658329945498e+01
2.224034471929592627e+01 1.281274031882704634e+01 3.758934576169747288e+01
3.879910754477062795e+01 2.267552398404388114e+01 2.070565510139476473e+01
1.848331085855781808e+01 3.284698190090922765e+01 3.748676524085264816e+01
1.705875347429275379e+01 4.492966429134424544e+01 4.078583901204385143e+01
1.957618230180890606e+01 4.470642997875389568e+01 4.280418575779876988e+01
3.478671557582768514e+01 2.852299108327698818e+01 2.138661174551751287e+01
2.767216895383648989e+01 7.002504585642396862e+00 3.751756651934993414e+01
2.819125049708788922e+01 2.646735422082626243e+01 2.070331862387126165e+01
1.442765197042783321e+01 4.465904381042167870e+01 3.945756830572459961e+01
1.141596527894225588e+01 3.447993101915170655e+01 2.222539834256102864e+01
2.525823515532124475e+01 1.476158367884062095e+01 2.903395646417594733e+01
3.807327486906924463e+01 3.549429291566504929e+01 3.289652362874778646e+01
1.746091047755702164e+01 4.767959572917296640e+01 4.400487721571570887e+01
3.263207937824709859e+01 3.413562861326198572e+01 3.875266787909397692e+01
4.004413275894410873e+01 1.278272795794448413e+01 3.279929207556245530e+01
3.681225463268874165e+01 2.567796464422431768e+01 4.221699260392734487e+01
5.349622853613757201e+01 2.303583374119063265e+01 3.406899455618714967e+01
3.944807298278067975e+01 1.497926153738794142e+01 3.803236606067763859e+01
2.210723883853462368e+01 2.788711955826640221e+01 3.805758735005785809e+01
3.102419233979250990e+01 3.259535503709653881e+01 2.308794704086241367e+01
4.205765713454808008e+01 3.136002363234399226e+01 2.396968848580057454e+01
2.251329952307233739e+01 4.492687224960148740e+01 3.834567748939500120e+01
4.157791478421123088e+01 1.827323345713467972e+01 2.150191416985404658e+01
4.785691600354113007e+01 1.096857916474557548e+01 3.322070055398278043e+01
4.615493947958609056e+01 1.592727395138692437e+01 4.139548977931269036e+01
1.561567007178021882e+01 4.052753466483544287e+01 2.246956257184447026e+01
1.352460535342585857e+01 4.135658601070944229e+01 4.013938409704989851e+01
2.103731509727490590e+01 3.769656351439887487e+01 3.953686396918429580e+01
2.511030344021744654e+01 4.214859322963047816e+01 2.568706432156945141e+01
1.608184846406004453e+01 3.165821608068742066e+01 2.620370544463322915e+01
5.028383144248634551e+01 1.175776310034034289e+01 2.220111523714315283e+01
5.013308295615278354e+01 9.117192690021061807e+00 2.886588814005795811e+01
1.747246379581740072e+01 3.515923054713105955e+01 2.310246579936518430e+01
2.539607405232359483e+01 7.423107398865121276e+00 2.545465865994734855e+01
3.547624482730574869e+01 3.567408872315068180e+01 3.622615873572147649e+01
4.432508671906646214e+01 2.164294355887306409e+01 4.177823210370586793e+01
7.240201910262145546e+00 3.895267169029119003e+01 3.548988192949377662e+01
4.982280759498787148e+01 3.206226558602553922e+01 3.500048834339661852e+01
5.082668608612016925e+01 1.628786395283521315e+01 2.982452105578609292e+01
4.747050352892789249e+01 1.857921259238468892e+01 2.145289241776997713e+01
1.939941231263064836e+01 5.134802330646071056e+01 3.406365044468572023e+01
3.060106347250803438e+01 8.924022588781545196e+00 2.445135696172680539e+01
5.018202732700132884e+01 1.466891910538618404e+01 2.193623657308360464e+01
2.499647167464627628e+01 3.040145866632196814e+01 2.362597182675805030e+01
5.286844529202967635e+01 2.837760948770894487e+01 2.822724784644519502e+01
2.430983495434954023e+01 1.159644718656785756e+01 2.109909675396661299e+01
2.268604369496111772e+01 1.504521667540145025e+01 2.702537356311961148e+01
2.217525751489722552e+01 1.807837786746110353e+01 3.739150205259194593e+01
3.703740316760874407e+01 1.342146671615440034e+01 3.590398908734763950e+01
1.324809119933512314e+01 4.991698367630979760e+01 2.732062841175757129e+01
2.278642861308618706e+01 3.643806707225981967e+01 2.516148243169694254e+01
2.401471198548761521e+01 1.694514262739853194e+01 4.226963473080495248e+01
1.930225230729350372e+01 4.982548396830748771e+01 2.503610629417901734e+01
3.300061148042693304e+01 2.234224674608829631e+01 2.027795812755537241e+01
2.583643555544363934e+01 4.131328218481179704e+01 3.676832953446341890e+01
1.870183303987760937e+01 2.873306745540849860e+01 3.270216198894689086e+01
5.460412634279103372e+01 2.545174674397272341e+01 3.226812919394988199e+01
1.053295439694662505e+01 3.123613936914588507e+01 3.571334726724164454e+01
7.141880655369393871e+00 3.383623960652446527e+01 3.230081898201132873e+01
2.584004525934247809e+01 2.724744031623030338e+01 4.130539082570542320e+01
1.472928947511810627e+01 3.062194318154619666e+01 3.499572080626018078e+01
2.236593368166115070e+01 1.201071450870722934e+01 2.560286186995613278e+01
5.101047078024026149e+01 1.768737310190820367e+01 4.036372242781094144e+01
2.577708569809932371e+01 4.572027966688345657e+01 3.060212078728092067e+01
9.901671799816819330e+00 3.643384399809567498e+01 2.213055975555245070e+01
1.926192359384902630e+01 2.436812003445766805e+01 3.263663416296108721e+01
1.675886455365519367e+01 5.168303366473020333e+01 3.211430860178132463e+01
2.722703287963327412e+01 1.311137275549956627e+01 2.035553443057710865e+01
1.019502319240423382e+01 3.911342696207658065e+01 4.017936211405613989e+01
1.912085007269875092e+01 4.945705932994285803e+01 4.315718446209472603e+01
3.428430692390858070e+01 1.430444908398753512e+01 3.599692221845864992e+01
2.102170398750092062e+01 4.329450306229244205e+01 2.337750265389378868e+01
2.484238497043144633e+01 2.307254361829055966e+01 2.116919659773790130e+01
2.836316804188709995e+01 7.561179614834241391e+00 2.633772175819548167e+01
4.134255567987666069e+01 1.756253474545372129e+01 4.134636707435869596e+01
2.164833222257822598e+01 4.730946501345110988e+01 2.033573336800890274e+01
2.365431869027391798e+01 8.984652329647202507e+00 2.656618510307554715e+01
4.628998338286793057e+01 2.641444209542275701e+01 4.129477749503980988e+01
2.179611965155724462e+01 2.365144175731936826e+01 2.421671426118751569e+01
2.589259935830192205e+01 1.642493901707140935e+01 2.021836925470943669e+01
1.187469466358181691e+01 4.322439624159446936e+01 2.381511459450039681e+01
4.793762694307460492e+01 2.445502971573043283e+01 4.113842999959523183e+01
5.362492674254971803e+01 2.229745829705654359e+01 3.169110317388749820e+01
2.996157635146522580e+01 3.653570504794252116e+01 2.608394213004678619e+01
3.742043442390827579e+01 2.074043704728768489e+01 2.067668736346519154e+01
5.223402531055427289e+01 2.384192141060400871e+01 2.547046150110604401e+01
3.473094060644933023e+01 3.653842516918415839e+01 2.763176722436969257e+01
2.415776156621310378e+01 4.456414656037325983e+01 2.636711649949290504e+01
4.449286253275815284e+01 2.878134467798359353e+01 2.233265471041615058e+01
4.397608418039195755e+01 1.677441051934048133e+01 4.110790854551248685e+01
9.997359986077210436e+00 3.128260076649981158e+01 3.257866925635721600e+01
4.965871956843299273e+01 7.444931559711784885e+00 2.506918472273662957e+01
5.104234459553757830e+01 1.463506124433451738e+01 3.353616940138247315e+01
4.062965084183694131e+01 3.422050201522332458e+01 2.760973302386241102e+01
5.170194259340299681e+01 2.036809375888957163e+01 3.877531628074711989e+01
1.579215218368474005e+01 3.062591613856248074e+01 3.078766786497174124e+01
4.327868124926717996e+01 1.406092481046495024e+01 2.646175264876631061e+01
2.950922069565249117e+01 8.022540010403934829e+00 3.651865515510144178e+01
3.312903828639224457e+01 1.388397881849051174e+01 3.144158598717825015e+01
7.185824404879869398e+00 3.429021442377877094e+01 3.633021837301780721e+01
1.821997411323129512e+01 5.014224069749302970e+01 3.778707920098493389e+01
4.077955315436971517e+01 3.278076070277953846e+01 2.532828691770064111e+01
3.486596156519437528e+01 2.094519629006114059e+01 2.044127058147126519e+01
2.167453215964747670e+01 1.968331487476588393e+01 3.085094754023652186e+01
5.204034239220202096e+01 1.242968805056960946e+01 3.505767730068669152e+01
1.866561237645763782e+01 3.733829005952711810e+01 2.273063538379133774e+01
3.955452847961172580e+01 3.131703442001943571e+01 2.380453089897464736e+01
2.577608406902534455e+01 2.971688925370411383e+01 4.017017855268014870e+01
3.710352290743543335e+01 1.592978138991623815e+01 4.022871204744878071e+01
4.666061203093106258e+01 8.313664659310049387e+00 2.830153410519326940e+01
5.270407936474931176e+01 1.992376520805249740e+01 2.967694830667225503e+01
2.398260410923827024e+01 8.044105703308186861e+00 3.871599587260721620e+01
5.162085847533873562e+01 1.431093281935752159e+01 3.989338876068463691e+01
1.062875829079911227e+01 3.367146839591810448e+01 4.032384705624486543e+01
3.456667731091752671e+01 3.233070816287890636e+01 3.937733516002835898e+01
2.989733467969006142e+01 1.339996182304663996e+01 2.129235682864858603e+01
1.733357398595501309e+01 3.758663853794433862e+01 4.067245343163799021e+01
3.161220593809189694e+01 1.378585031557259910e+01 3.995733648039687580e+01
5.111718246802185206e+01 1.375498593249130508e+01 2.931288652601367062e+01
4.175221197477488744e+01 2.604164233947672003e+01 2.115395686977277734e+01
4.543297934329680032e+01 3.391744834679639098e+01 3.499858717404966768e+01
2.798788222142694693e+01 2.424246449595619524e+01 2.052072282547820947e+01
2.839073220243938067e+01 2.159509781597128963e+01 4.266551953149198795e+01
2.326419271645443843e+01 3.679423595325195606e+01 3.780468160351072271e+01
4.271528838353647473e+01 2.847645534291330449e+01 4.082537110214435216e+01
2.002109976556402415e+01 3.297256541436264143e+01 2.630030385283271599e+01
3.170503444218229916e+01 1.283730237020443887e+01 3.791769893377851730e+01
3.576563703477837208e+01 3.293123908952001955e+01 2.418614079333059408e+01
4.952118654566054801e+01 2.877393654103377330e+01 2.387263263412792824e+01
4.642443821546138594e+01 1.818484296188293925e+01 4.155141970173978905e+01
4.646297935065753393e+01 1.662633049366201732e+01 2.154262685589153392e+01
1.975620847749507547e+01 5.071128684539584697e+01 2.697386929191590355e+01
2.212142251206523724e+01 1.530008687383007704e+01 3.747214285248854537e+01
2.672011378288389238e+01 7.809600716401622122e+00 3.539375631986664672e+01
1.682133652651065603e+01 4.062046046105410824e+01 4.042780960065994122e+01
3.269982736648876198e+01 3.133706472521060604e+01 4.028077317343355901e+01
2.211198213424704306e+01 1.428214822869024481e+01 2.336866794421181837e+01
4.928483632573846762e+01 1.210389857295876403e+01 4.123905531103675060e+01
3.698205169235671264e+01 1.556977708206332345e+01 2.410986195306881186e+01
4.974455777883333241e+01 3.090034046603030404e+01 3.682346781898142751e+01
1.023386208910737949e+01 4.489645287072312385e+01 3.257720510349084009e+01
4.490999873845326817e+01 1.111046650321657658e+01 3.987680637297054176e+01
2.170012284765457622e+01 2.017538268674471169e+01 2.777213089075558727e+01
1.080441297039670623e+01 4.617636437423392692e+01 2.867501898964600571e+01
2.728534363820162767e+01 1.523133046349951947e+01 2.956890809420261590e+01
1.185594070573860037e+01 4.778053698162078433e+01 2.669798947246626142e+01
3.724490607096872452e+01 2.752218912488747549e+01 2.129717936471793394e+01
8.497191906215972423e+00 3.464701901496339786e+01 2.350187654130426296e+01
5.001451082805106552e+01 3.244749219023620412e+01 2.915312035345942832e+01
4.869964703413572238e+01 1.640615542848298247e+01 2.151616980844940841e+01
3.312981319336373787e+01 1.532386662657576792e+01 2.530699767638820319e+01
1.615125367587247496e+01 4.841212072328811189e+01 2.121588480439470814e+01
4.735618604007576948e+01 3.383998868003782690e+01 2.893076841459565429e+01
5.189121266278107214e+01 1.203710595526375116e+01 3.923876718845202305e+01
5.231320863688681300e+01 1.544861965085116751e+01 3.799816407193928569e+01
4.289710133434176242e+01 1.534869680070308817e+01 2.354850843570543262e+01
2.537378375095763161e+01 4.405142166397244097e+01 3.541735873089922393e+01
4.649997886545005343e+01 1.303894481823667562e+01 2.963103074031693751e+01
2.605362199727663608e+01 3.350496201166119903e+01 2.493310583181211371e+01
1.279097712067624393e+01 3.639237849286809023e+01 4.125088533782149369e+01
2.324621184676490415e+01 1.940087148910523496e+01 4.131914293642284974e+01
3.685743630131118209e+01 2.235513407851989953e+01 4.246556939248742424e+01
3.911852307177760935e+01 3.101628815464258082e+01 3.930973388451022288e+01
4.548653516224818105e+01 1.015374797609906921e+01 2.853921665885173198e+01
7.446395619629710083e+00 3.449816198643392795e+01 2.533025500576067301e+01
2.261620063348858167e+01 3.381448978208982936e+01 2.624858475716288453e+01
1.778588153605224065e+01 5.323262693090043030e+01 2.469954730042178426e+01
2.794302799331175535e+01 2.036117049480082741e+01 2.027333023777141463e+01
4.506500020513905724e+01 8.559519999975925941e+00 3.575587091652200655e+01
1.349001357493900066e+01 4.678639468979466187e+01 2.417229908578968889e+01
4.769504288737211084e+01 1.480306869834739913e+01 3.259056273504448598e+01
4.551674636799273799e+01 9.161725708120757261e+00 3.940077156501702405e+01
2.246914607820411192e+01 1.236666701115803235e+01 4.018673875430915388e+01
3.193437079274420753e+01 1.484056855595965985e+01 3.503634601321035547e+01
2.263504383833017641e+01 4.769261811751873381e+01 2.813299810398910950e+01
4.578203993374724234e+01 1.486390130666860365e+01 3.171136934417199171e+01
3.122142558955755121e+01 3.751210760785960474e+01 3.083150700410778455e+01
4.221227157288668508e+01 1.392646762602247357e+01 2.873730401913840993e+01
4.253288448285623247e+01 2.795735959574798102e+01 2.180670788140969307e+01
3.569589854824045005e+01 1.286264907433232985e+01 3.171422489981623016e+01
2.606435645307862359e+01 1.151887113962496656e+01 3.401465898944558575e+01
4.817722881954063752e+01 3.238521350882543715e+01 3.613985978386100584e+01
2.273024727385162080e+01 1.018992816683145541e+01 2.356892236902046633e+01
1.851349949544357898e+01 5.158843631275193786e+01 3.111289964918665518e+01
5.168624948960992072e+01 1.846409233415860385e+01 3.203487385793586384e+01
3.058426137502497255e+01 9.698600437511995409e+00 3.621566605460808574e+01
5.219549292847472799e+01 9.793908575382317849e+00 3.773658567785209783e+01
1.519139379929563027e+01 3.051171462019031111e+01 3.272861589439121133e+01
5.231803341593801093e+01 1.694379847355915558e+01 2.680911790357822611e+01
2.390312007757243151e+01 2.795317462751403426e+01 3.992323189159305485e+01
3.325515404780183104e+01 2.556200283531635975e+01 4.255359540365586213e+01
1.137248084786192770e+01 4.663080180795845564e+01 3.616998351673157686e+01
2.942861482036088816e+01 1.505083377176008774e+01 3.004875512450143660e+01
3.157076040770355974e+01 2.987861125013222363e+01 2.176764304327640431e+01
2.107014375705065490e+01 3.966922185793406896e+01 3.975531753799807433e+01
