1.982446228439829383e+01 3.336633694404653738e+01 2.583552731167358374e+01
3.823792873897941291e+01 3.547657064840056762e+01 2.998757308734377602e+01
5.241063878548037991e+01 1.526416978543061909e+01 2.596359097162717688e+01
9.537154244374011824e+00 4.272798888806133988e+01 2.811022393923328977e+01
3.262106130709031504e+01 1.594296651734283721e+01 2.295436429610232665e+01
3.399423655106043896e+01 3.440726799096571398e+01 2.460546352585754803e+01
2.727617936539130383e+01 4.085739159303211920e+01 2.909188587301088091e+01
2.423593077036534993e+01 3.979060348784233980e+01 3.831264286909858896e+01
2.548244241976166791e+01 3.850000506388182231e+01 3.684273732862700257e+01
3.244955514377243588e+01 3.739902839973878912e+01 3.203212289668147861e+01
4.251525875340645655e+01 2.307718217780839609e+01 4.199243003979132283e+01
2.111738506058073739e+01 3.568170438006480794e+01 2.463712303092751910e+01
6.801511114889318144e+00 3.521287460076622011e+01 3.612177452982118098e+01
3.282331299263512392e+01 3.091992339690782288e+01 4.047257829095308779e+01
5.083586785335107550e+01 2.696615142770163587e+01 2.403380502977245925e+01
2.583212283085369165e+01 3.772665302211350991e+01 2.694104296869001658e+01
3.190013022281135591e+01 1.445903028540024415e+01 2.380914085454995188e+01
5.223728702767733978e+01 1.095204664342724854e+01 2.495498412167622604e+01
7.670852580672524290e+00 3.582477405079816890e+01 2.382598357188485494e+01
1.902628276446769107e+01 4.510650458068713675e+01 2.029668756657592965e+01
2.436679889152984657e+01 4.370380110018258790e+01 3.700919069530612404e+01
1.003298531653883607e+01 4.440731277054107551e+01 3.094738660295950083e+01
2.884077081120106101e+01 2.642884865935206307e+01 2.056548005422808956e+01
4.352434671236653685e+01 1.387545930986321885e+01 2.433395596076923795e+01
4.585696973325682535e+01 1.797080930541516608e+01 4.152108480300552884e+01
2.414446212534071634e+01 1.742580844638767701e+01 2.983262666144304021e+01
2.232465882787339240e+01 1.757901882886991274e+01 2.620723834966183219e+01
2.684988189106667633e+01 2.128788780012038018e+01 2.042337403044177435e+01
1.885357951678546939e+01 3.226598460949884384e+01 2.664102673555648693e+01
3.062386098232388321e+01 8.944239956667479063e+00 2.583901213622094417e+01
2.380915041657904752e+01 2.707318652285685090e+01 2.265704328418474844e+01
4.747443915427486161e+01 2.874646727007460001e+01 2.283980216189011969e+01
2.912156380326629090e+01 1.500184862518803186e+01 3.410278092425441798e+01
4.414028380658625395e+01 1.885948029227945710e+01 4.157991557804782445e+01
2.212019554215681083e+01 1.681238519920679053e+01 3.941622977918813575e+01
5.357561914592567121e+01 2.229435919863286486e+01 3.051157033123851647e+01
6.844302708619461661e+00 3.854447265296727210e+01 2.844122023944113309e+01
1.686112836809021331e+01 3.363214705827343209e+01 3.924519429715127217e+01
2.405829149631462727e+01 1.318246093011378051e+01 4.221170030897680903e+01
5.326863435348151654e+01 2.133527103683274717e+01 3.035073692345220664e+01
1.569962558224411353e+01 4.379960956677137318e+01 3.972823992996278974e+01
1.882377408217234560e+01 2.802970904210438263e+01 3.269239886751425672e+01
3.770267064929643652e+01 2.916674637235573542e+01 4.077555237124747123e+01
5.108053691942878061e+01 1.492129958726120620e+01 2.945720929130614252e+01
5.235374080570829847e+01 1.762223039661743940e+01 3.614275709181191587e+01
5.402800082721403641e+01 2.563552723199364891e+01 3.391744685640075119e+01
2.419851835182738142e+01 4.803055089971631730e+01 3.172771098054680650e+01
9.018510240505312581e+00 3.786727797001636020e+01 4.013764543754199110e+01
3.233197041729945198e+01 1.496296390562640255e+01 3.599814702278425216e+01
1.855614551530345580e+01 4.999179984196357651e+01 2.510697463412937935e+01
4.394434042556856213e+01 1.077714131161863520e+01 3.692366686947187304e+01
1.079360745132486699e+01 3.686039918541889193e+01 2.196004175919318868e+01
4.000027065189928521e+01 3.178955651716140807e+01 3.853892281677010345e+01
1.622348459058393999e+01 4.906937853365971591e+01 2.407642400146380623e+01
1.919734137758790737e+01 4.106349789958026264e+01 4.001076112685310449e+01
1.867758089950573108e+01 2.886251899071980631e+01 3.270662063697127309e+01
3.639265984441394153e+01 2.622922854091114431e+01 4.212536489703356324e+01
9.280926416985529670e+00 3.171349066079660162e+01 3.202709827482410532e+01
2.604353829234232620e+01 4.174059552979466048e+01 3.631777120851841545e+01
2.069811657841053787e+01 4.731119212932384244e+01 1.862414761273788599e+01
1.283373819333193921e+01 4.042527479775784371e+01 2.259972045608127900e+01
9.809351695784302549e+00 4.302541551636961970e+01 3.547740057298055660e+01
4.813920189569872576e+01 3.375963091023722029e+01 3.184793630406288401e+01
1.595343782556332712e+01 4.824014456002634432e+01 4.083485018083732854e+01
2.050318665608734392e+01 4.913021481978218219e+01 2.147590001285917438e+01
5.069563618769515045e+01 3.113256957799940139e+01 2.759339824095633986e+01
2.247429751387439723e+01 1.646806995799059337e+01 2.659291141899916866e+01
2.342080361053965021e+01 1.076687624380073593e+01 2.726217235528327620e+01
9.210478416066953500e+00 4.137999386674433566e+01 3.678681960635146453e+01
1.448365681080001366e+01 3.239869509813241422e+01 3.912835002856181887e+01
4.065053550272298111e+01 2.674998325784071440e+01 4.167209155495096695e+01
3.938045454545379442e+01 1.774924734152052253e+01 2.154497284620006070e+01
6.494135729885118558e+00 3.730136405271876043e+01 3.478454423699382403e+01
5.024644452344908530e+01 3.088832611501130643e+01 2.653332603624145136e+01
5.170794585782780217e+01 1.172144536517768820e+01 2.356060588922012755e+01
9.422886977426076172e+00 4.269211522947973947e+01 3.285551898692321515e+01
2.353235156700553077e+01 1.797599552881943907e+01 3.015080593298748468e+01
7.384090369341770987e+00 3.778407245644539358e+01 2.459621966371479473e+01
5.205543674157922140e+01 2.424835290294658208e+01 2.517989365707222760e+01
3.092746386209876874e+01 3.266023911076383257e+01 3.972929324136975993e+01
2.694843031494328756e+01 1.495484640947241139e+01 2.020453759008760741e+01
5.249111846544357007e+01 1.305148015514965820e+01 2.566616451335081450e+01
3.324802413938606804e+01 2.794225989883771533e+01 4.185274985096567946e+01
5.068431490289776775e+01 3.198767224192088676e+01 2.959290575072285634e+01
2.021190929299049799e+01 3.225358290370107284e+01 2.683265518824618567e+01
2.594618434484507219e+01 3.326246609276232391e+01 2.485451079629004312e+01
3.080952935376478052e+01 1.282482217248665179e+01 4.101084640529079195e+01
1.239643644420265112e+01 3.054596046961463074e+01 3.423180537300329718e+01
1.624739460668215330e+01 5.399386367605054460e+01 2.577506433574336242e+01
5.450431354484814506e+01 2.487063497625886299e+01 3.124650861773189447e+01
2.846215153578120649e+01 3.413118578180422702e+01 2.424254451038931535e+01
5.032572921965820711e+01 2.187813306182363604e+01 4.001175661041190779e+01
5.313357730436281656e+01 2.222977746351483574e+01 3.490467140974515559e+01
4.405184270255393386e+01 1.693321446986130141e+01 4.117928974839615819e+01
1.957677155449748341e+01 5.168432958358785356e+01 2.740050713623606171e+01
2.112248560820960108e+01 4.812534756264061286e+01 3.900717259344063592e+01
4.940282212030464848e+01 1.537350302501932120e+01 3.270342150423606853e+01
1.712335408262777392e+01 3.449473225190181580e+01 2.339815099977832702e+01
3.826599315627895948e+01 2.650788255578838104e+01 4.189421985194381648e+01
3.333105717761051068e+01 2.191010395718831205e+01 4.273700175092041320e+01
4.821739156383952007e+01 6.967799414677901204e+00 3.776309003977135603e+01
4.348036785270936377e+01 1.403880594853704089e+01 3.299971907543932303e+01
1.727809752794889064e+01 3.237244672090769626e+01 2.574890908418490199e+01
8.997768929645667768e+00 3.340407232733316789e+01 3.913135835149275010e+01
4.543048626309508364e+01 3.448437191196407525e+01 3.308964062792100691e+01
3.169064262882789507e+01 1.254970259862632354e+01 3.821983431769533013e+01
6.530148028013055495e+00 3.798830456195944549e+01 3.087603161887753345e+01
5.209110253120007883e+01 3.058536407314883476e+01 3.147594290162597375e+01
1.696753026892149663e+01 5.176220026689564691e+01 2.942056113807984019e+01
5.223157057452927887e+01 1.142159219625467337e+01 3.821613365547245422e+01
5.216570694266342656e+01 2.754849273316902014e+01 3.681287023048405871e+01
8.667047990247393585e+00 3.235858899631968200e+01 3.551993306040995435e+01
2.680182061662266690e+01 3.217091066614373318e+01 3.915793763061579824e+01
2.335030184984828949e+01 1.041706204388887080e+01 3.588535707160878729e+01
3.010989666865880920e+01 2.544685729176131517e+01 4.263625643161913814e+01
3.308243372026753093e+01 1.959655942632651460e+01 2.058861653942219760e+01
4.562686476346429032e+01 2.755638809349304097e+01 2.191246119206443765e+01
2.334004518630177571e+01 2.076515353485072524e+01 4.123061675557629258e+01
5.268601237974385754e+01 1.999174529615629226e+01 3.461814487486401504e+01
3.613043707362524515e+01 3.412844496749495704e+01 3.771722314369952755e+01
2.117138367693558720e+01 2.576615528702650693e+01 3.753497858939467591e+01
1.736060111434316156e+01 3.776028999750060677e+01 2.236268347369794540e+01
2.049967223913453651e+01 2.667682699490202936e+01 2.681277169337738187e+01
1.416369409994613804e+01 3.275633351828333417e+01 3.956086776946033012e+01
3.326821905494325904e+01 3.657192391386921315e+01 3.608362512906883524e+01
5.082690584803761169e+01 1.421003047603116975e+01 2.227655963311814347e+01
3.256762147786745487e+01 3.716959554943677091e+01 3.442547659446887565e+01
3.285019641784607103e+01 3.077494384644145953e+01 2.233476162213914051e+01
3.009898857806349071e+01 2.809823822864004228e+01 2.091604578618484211e+01
2.017677418367463815e+01 4.343415736019689177e+01 4.025220114463343180e+01
2.241401000426645851e+01 2.979735449799914448e+01 2.558755219183112928e+01
1.224061497709734603e+01 4.894248734690668812e+01 3.470230840038010456e+01
1.778414669010573945e+01 3.384052310451279055e+01 3.900371176544468454e+01
2.744160809564745662e+01 4.171908447906717754e+01 3.204646094466292539e+01
4.660600145460927735e+01 1.570801401781771389e+01 4.143761399587270233e+01
2.296155500503197544e+01 1.549142148386274620e+01 4.144489596546435450e+01
4.190693236202956484e+01 1.466353100653875785e+01 2.677300067981351006e+01
2.097771807577260716e+01 3.177741813107210334e+01 3.607719809885189477e+01
2.987419705634326661e+01 2.956228892763318683e+01 2.157167942320869258e+01
2.966768261961632902e+01 2.866614585803942461e+01 2.119310081563630987e+01
1.821707106003317733e+01 5.183561929563819604e+01 2.938090370235875071e+01
4.394904687990003822e+01 1.214443830051876105e+01 3.876505004781787989e+01
2.233809212209549599e+01 1.858442056153339550e+01 2.298315616742316436e+01
2.715352261560006752e+01 1.146071505817262803e+01 2.069242018932435201e+01
1.558941732100301536e+01 4.989207842167624563e+01 2.567988691334880613e+01
1.533659941905449564e+01 4.202301070629786039e+01 4.009945909745548676e+01
2.099698089002852086e+01 2.994100640720729700e+01 2.705229946391124329e+01
2.685194913391591243e+01 4.359421250115882884e+01 3.211843182298154176e+01
2.180673811172411192e+01 2.786224906490704711e+01 3.766620005511691005e+01
2.543476045807145525e+01 1.568135742880662953e+01 2.929619191281592094e+01
2.053780944192860147e+01 4.883844894321979524e+01 3.905127366754685170e+01
1.838718191367957289e+01 3.095072673079360470e+01 3.424531179401277114e+01
4.418502423481022134e+01 1.936362968710692201e+01 4.164509070040752903e+01
4.547308392596078619e+01 1.453433223291374965e+01 3.001196297271598823e+01
1.712057824623583002e+01 4.955387702781734305e+01 2.158884803552045994e+01
5.124220593873498331e+01 1.666267072881435141e+01 3.341480621638269355e+01
2.154673679835693179e+01 1.990038642931516222e+01 2.992461564711114264e+01
3.521792742859445013e+01 1.751762267144249918e+01 2.152332941713310177e+01
1.862722673454253552e+01 4.985796376892694326e+01 2.027222260723493008e+01
3.233346024801157625e+01 1.445185953694316794e+01 2.949983050030038711e+01
3.646772348620238091e+01 2.025052691184694709e+01 2.063186469820949753e+01
2.053114052042328552e+01 4.976916741022215263e+01 3.541502123805253177e+01
5.288890901523708266e+01 2.210362864122086890e+01 3.585721016971219655e+01
2.931224771148882269e+01 3.600358088523925204e+01 3.733729139308329792e+01
2.727322489419713847e+01 7.682954515160234976e+00 2.337781523108074921e+01
2.342565070032766883e+01 1.603257189605614741e+01 2.115832735740398363e+01
2.839802921858392182e+01 1.233828648067080991e+01 4.226797690818850128e+01
4.383678438142136002e+01 1.193869580654662244e+01 3.824277157565564522e+01
5.157344795018857297e+01 2.229648500363603247e+01 3.863701191722629602e+01
4.722202713232519500e+01 8.086496754035241707e+00 3.452998141883858807e+01
2.438057963745682244e+01 4.714885390671548748e+01 2.969525877344595344e+01
2.174665302776235976e+01 3.904774016489540855e+01 3.958903718504423352e+01
2.804730289512981756e+01 8.176715589041222643e+00 2.771799728274951491e+01
4.468145477548543454e+01 3.431361876168426051e+01 2.864607088246786049e+01
4.318789071077519282e+01 1.537113708407488488e+01 2.324528945474861530e+01
2.276222009014646375e+01 1.394811326015944530e+01 3.590056184965939678e+01
2.218389950482416495e+01 1.778154615717231479e+01 3.944137211668046916e+01
2.218682056104149680e+01 2.371847349101200564e+01 3.933538660330404468e+01
1.471804916278458819e+01 3.226008763320734829e+01 3.884670213461862431e+01
3.922713455737753918e+01 3.133532433013265717e+01 3.902282879820671724e+01
2.352903931585720088e+01 3.184942826339906929e+01 2.563796395237408987e+01
3.101731818342132740e+01 1.320144904809781039e+01 3.617122529689116561e+01
4.379962223787619280e+01 2.648198449416341660e+01 2.142124157012968766e+01
1.145697778726715477e+01 3.143997103147398064e+01 3.808837760819980645e+01
2.950912756769307066e+01 2.040840791844006574e+01 2.026572905076174891e+01
3.648604471496671664e+01 3.590587568947312036e+01 2.802831545377368272e+01
1.683458004648509387e+01 3.294789421602389012e+01 2.467375278144535500e+01
2.159342986191794012e+01 4.579343549296083893e+01 4.238624523131576893e+01
3.964550415166019093e+01 2.127460935957533650e+01 4.215477111361000340e+01
2.850516010156390223e+01 2.841984652114019738e+01 4.160092335310879008e+01
3.993245405849749119e+01 3.435929675156530294e+01 2.763127266034119245e+01
2.221529622921848457e+01 4.586461046311654144e+01 3.827375815751007337e+01
3.851684377482613542e+01 1.456522687413498574e+01 3.770769919012438010e+01
3.611917484812422430e+01 3.619420069635808801e+01 2.862043556448905335e+01
1.940067751052418643e+01 5.281977607974269517e+01 3.593567067694105077e+01
4.625591047004314760e+01 2.584344794297381753e+01 4.142980885595773088e+01
5.009711540895974480e+01 2.932512613731118378e+01 2.478075401890022889e+01
4.387728644532256794e+01 3.472715482414204757e+01 3.250662121179699682e+01
4.927959951523204296e+01 2.170089609973511457e+01 2.231000400989245946e+01
4.324347522922711562e+01 3.285860120988454014e+01 2.553156544695265850e+01
4.445528230093360378e+01 1.433666295878234465e+01 3.279481892026677059e+01
3.526524835028446603e+01 2.217506835880971039e+01 2.040455315746880061e+01
5.087256082512162436e+01 3.052796987515205629e+01 2.699778514414886388e+01
2.497847160037587244e+01 1.324882556250899057e+01 2.045184303339894427e+01
1.965066042565512561e+01 3.243842048112317400e+01 2.656488218111408628e+01
1.799100506845336156e+01 4.231001935288712446e+01 3.995654573589933989e+01
2.486647091527956732e+01 1.152443913637363160e+01 3.431108505354727356e+01
2.764169355789492499e+01 1.401247771819793009e+01 2.031567544565603711e+01
3.144624900307274729e+01 1.456046755697128425e+01 3.190090524661986038e+01
2.826195316038429439e+01 3.301354321059568520e+01 2.361828863571239978e+01
1.487449719958031835e+01 3.526189200658252787e+01 2.231342884051946740e+01
1.607496795038998982e+01 4.839924993774231865e+01 4.030125897915353761e+01
4.686632374624129227e+01 7.736475786892141215e+00 2.433378673627244382e+01
2.168365473181689040e+01 2.209852397151599490e+01 2.462163803467955603e+01
5.062464538694677429e+01 8.718049978352665264e+00 2.817894857924222407e+01
5.221867731800480072e+01 2.176645841117021618e+01 2.541329284876588801e+01
2.989639684340810888e+01 2.697988009288983591e+01 2.055988244224838724e+01
3.103011771256122842e+01 1.240109797834353245e+01 2.259610214660983729e+01
3.621406922631499725e+01 2.208645165880501793e+01 4.251838767229579474e+01
3.282132981541698769e+01 1.599627053660721820e+01 2.311744518875353904e+01
4.071317421636025102e+01 3.432996266701654520e+01 2.790421999609439041e+01
4.657538125340725088e+01 7.877459826828670408e+00 2.773066761682516557e+01
2.199939492024016019e+01 4.848680514642331474e+01 2.821724243217749617e+01
3.876193718679432010e+01 3.520673902804984579e+01 3.313870093361561686e+01
4.850618155168299950e+01 3.089559433697729318e+01 2.493915990635234792e+01
1.410624737185341715e+01 3.080020356040795804e+01 2.730553153077244843e+01
2.307425892013090873e+01 3.175903703347932350e+01 3.702481523739430713e+01
2.749604341041084510e+01 1.147465674163861316e+01 2.891595268285878362e+01
9.324248775591794214e+00 3.667253795200039690e+01 2.240915732868186439e+01
1.875291637608922102e+01 3.308514129324468911e+01 3.763635476351334574e+01
3.117495733744353714e+01 2.376018513315571923e+01 4.280989233426748086e+01
2.873157393584119035e+01 3.221023923944262890e+01 3.984410161958166441e+01
2.616296503629110504e+01 2.060695542354739018e+01 2.044420839755239072e+01
1.505617443428045554e+01 3.995353065390413150e+01 2.232297198272851446e+01
2.704338281778870368e+01 1.006144351156895844e+01 3.418505746638859222e+01
5.184202783258100311e+01 1.843539031057623845e+01 3.289706987685737261e+01
2.513235995932989653e+01 4.621371628380099850e+01 3.331326598177239617e+01
2.937686677208810693e+01 7.549261250189577943e+00 3.819137827840870614e+01
2.682016480878057862e+01 9.031341049909697105e+00 3.451403157845388137e+01
1.842143304497048817e+01 3.221051180416814930e+01 3.668129045456126391e+01
3.959189162674122997e+01 2.713982844087098911e+01 4.160623988134440054e+01
3.436424519828493374e+01 1.800120462177525482e+01 2.118171462438342090e+01
4.296979451747969136e+01 1.713583776340241371e+01 2.195701840779102554e+01
4.331720821071134253e+01 3.038912831668458026e+01 2.326758081468367578e+01
2.523064286646487631e+01 2.672013289844853290e+01 2.170100088614307765e+01
7.393137776319432142e+00 3.919915554621136522e+01 2.696282522826179928e+01
9.415473646401938623e+00 4.251365240543931634e+01 2.830533847375479795e+01
3.412680517843620009e+01 2.251306765435498747e+01 2.030128384193041668e+01
1.008275328815653893e+01 4.178238736590832758e+01 3.812669295295393823e+01
1.835588859364497338e+01 3.112674945282537209e+01 3.466841359113868037e+01
3.454972679054591111e+01 3.692489573578711770e+01 3.209834917827684819e+01
5.144858005369971465e+01 1.040778061476203398e+01 3.955020299229899194e+01
8.167415690738019762e+00 3.655494565905371473e+01 3.979560647384602845e+01
4.353114571263386523e+01 1.327963415804954472e+01 3.644553086033814537e+01
3.002589353482708034e+01 9.608458025071010766e+00 3.559099216357906670e+01
1.696515994310441755e+01 4.645103068302077531e+01 4.308070236421672661e+01
2.203905557087250244e+01 1.371640612338981313e+01 3.837405474179740850e+01
3.125169641541839027e+01 3.750581306867994158e+01 3.051524558684526767e+01
3.412115971322813834e+01 1.626461562747466871e+01 4.034443133204339205e+01
1.265539531491399394e+01 4.955031174275001860e+01 3.462751955606012189e+01
2.582252231827209243e+01 1.605021901310779242e+01 2.975631361574935951e+01
3.133051044761251802e+01 3.514943994594153054e+01 3.817792164249114961e+01
1.654592602475700147e+01 4.906674241628641653e+01 2.136845875729004263e+01
5.226942867524898872e+01 1.008608992453606312e+01 2.634693614396312711e+01
9.648186943864718756e+00 4.272220217194700354e+01 2.719315239670041606e+01
2.974972239022221032e+01 3.578932041575016854e+01 3.755927154609390328e+01
3.767019540307082082e+01 1.378356986154787833e+01 2.655040309775089469e+01
2.221989249020779056e+01 1.655849894504484965e+01 2.584733047523238625e+01
4.017960076115951296e+01 1.570431090943642083e+01 2.404257597124415824e+01
1.278489907651989732e+01 4.952735804667141650e+01 2.746575764882694060e+01
6.942581489839196429e+00 3.874456216806569842e+01 3.390821246597629823e+01
4.826378003780596515e+01 1.568861449437985733e+01 3.208817435367573268e+01
9.934961573332648399e+00 3.975443748485778883e+01 2.326811623752706026e+01
4.419277003020432204e+01 2.925286210639977114e+01 4.027763028295175474e+01
5.192191602869326772e+01 3.082429848372814973e+01 3.117049539826694726e+01
2.875433894265729506e+01 1.162808720140413499e+01 2.853338058527367949e+01
4.355115853710024965e+01 3.374982797531791334e+01 3.576179933394362820e+01
1.424970842558269801e+01 4.196258268340721997e+01 4.005271386979695336e+01
3.004965387725706449e+01 1.365283846294763315e+01 2.793216645347661853e+01
2.215656408044048931e+01 1.979658182037372782e+01 3.939491570781813579e+01
7.944110930145249050e+00 3.946225672718251332e+01 2.557738348774903514e+01
5.236693450011344453e+01 1.921331408122004447e+01 3.300138949466678895e+01
8.419643207964563558e+00 3.854311738236661711e+01 2.370409620292019071e+01
1.919877083661437212e+01 4.835002301860266272e+01 1.821282278507793961e+01
2.162033069046081124e+01 4.540998943836675750e+01 4.199931870763820996e+01
4.270643367852509442e+01 2.032630987841860915e+01 2.119314698996123170e+01
7.821459387218334669e+00 3.469545435401857958e+01 2.416476571020788455e+01
2.363843568502548109e+01 1.796967821602992998e+01 4.184602113138279833e+01
2.944505961690857987e+01 3.753770953041929204e+01 3.287230334850387692e+01
5.017755260486685387e+01 2.466296859213775861e+01 2.304975918979861760e+01
1.061828282495367937e+01 3.823855265665328318e+01 2.225661346040901023e+01
2.347134076313753681e+01 8.988624762323787820e+00 3.994217323573226253e+01
4.913298704732846289e+01 1.819929218505239987e+01 4.129838571043465834e+01
4.772550984478767333e+01 1.348865737242058849e+01 3.296716858049983756e+01
2.569042429833406516e+01 8.819564923352308128e+00 4.126764577844624426e+01
2.552286267006874354e+01 1.520724648918872290e+01 3.381537119048672224e+01
2.978449757943402787e+01 1.355545564554199345e+01 2.809659780505521098e+01
4.668231080456562410e+01 1.341721618435834174e+01 2.979269493290802018e+01
3.116205117037578276e+01 9.900399124927425021e+00 3.750210919534412568e+01
1.699505529605060516e+01 4.558733825183006161e+01 2.157072656295747493e+01
5.064807583145489644e+01 2.369032204828702248e+01 3.953184502068149442e+01
9.819852713660029764e+00 3.236831308100556015e+01 3.843196793800605349e+01
4.801336074744276061e+01 7.674843528153471262e+00 3.480626683135955801e+01
1.635604318916105271e+01 3.480907345422161114e+01 2.291253824524504878e+01
3.855438029989701221e+01 2.489660465441485115e+01 2.072784905938986455e+01
4.126454636584607982e+01 3.349997695174068468e+01 3.636907154671293796e+01
5.020351370089423426e+01 9.541920743791328263e+00 3.396548951915715975e+01
1.763703286415309890e+01 4.948640977661967355e+01 4.097647565278945336e+01
3.059980061230148252e+01 2.486821381639282791e+01 4.271469353004445679e+01
5.243287363875746365e+01 1.875810762440125501e+01 3.484734466150792542e+01
2.691961000120872072e+01 4.340433442817153775e+01 3.219767517929808065e+01
3.189681197543681535e+01 2.217235891102907885e+01 4.278080120081950355e+01
1.237682510935591651e+01 4.155812071600990976e+01 3.982060969961770525e+01
4.628115443661700112e+01 7.572045619987784804e+00 3.584764390760372521e+01
1.999015659482688179e+01 3.748435887494372309e+01 2.319281969326154424e+01
1.538256930947956569e+01 5.119598585080839825e+01 3.556149496948982858e+01
4.152265734265438368e+01 2.397191748604626937e+01 2.095479009266086834e+01
3.032310589249487620e+01 2.855564272624346955e+01 4.171513462431448716e+01
7.282991331866639051e+00 3.889718545168415886e+01 3.598413463002761148e+01
5.001598367711648052e+01 1.365543274825382269e+01 2.982546797056881616e+01
4.625741820843693830e+01 1.793479605015652467e+01 2.145702283041520175e+01
2.594300107850469672e+01 8.365736955744809578e+00 4.101123635503683573e+01
2.339476455247971387e+01 9.959041407967905712e+00 2.695730966285179875e+01
1.028620219602502317e+01 4.365956391372325385e+01 3.664334440713055585e+01
2.359498364417111560e+01 4.553067544632682484e+01 2.671124267970776245e+01
3.036465024022687942e+01 1.746630558292778090e+01 4.228957630547395752e+01
3.366565702120309567e+01 3.718666682826776082e+01 3.080826391358747074e+01
1.850817055467803485e+01 5.455303281907676194e+01 3.584129512134448703e+01
3.711506693068572105e+01 3.499727729569676882e+01 2.675664286141303805e+01
2.199025074728591633e+01 4.481948724338764123e+01 2.331414681160529057e+01
2.859013260735789785e+01 1.756232485671441523e+01 2.036666846967732170e+01
4.194500379536751211e+01 2.103123036102395460e+01 4.190061251609928661e+01
4.708421076306065345e+01 2.018994393554998368e+01 2.154689129761331046e+01
5.153622309077876906e+01 3.068286669678905554e+01 2.871340854404323295e+01
1.802518228220423779e+01 5.464453088357445409e+01 2.529629064738115574e+01
1.206251521424297302e+01 3.096881629972768835e+01 3.698859818836388058e+01
2.420004552229071848e+01 8.412139939617993889e+00 2.358480266000354675e+01
2.195702674547922228e+01 2.320947373495294741e+01 3.906882706380390857e+01
5.115205720701602843e+01 2.084847974127087156e+01 2.351998990437952486e+01
8.801746742778481902e+00 4.134513779080027263e+01 2.785045987308343030e+01
4.041008410236563009e+01 2.711238519211829612e+01 2.134347222210816852e+01
3.350154928219792794e+01 2.102424416721753175e+01 2.037554037808672547e+01
3.321239037549013062e+01 2.357351341872108463e+01 4.277138633769923359e+01
1.937605530033903989e+01 5.177918102179166482e+01 3.643928884121809375e+01
2.306631466834915756e+01 1.779836479412604078e+01 3.466785455013587836e+01
5.457862949016486454e+01 2.735994132006851487e+01 3.148527970770264162e+01
3.430827618677881929e+01 2.243851277497409669e+01 2.031720075472675902e+01
3.957416882280751480e+01 1.408666660316703378e+01 3.674862497045862142e+01
5.062698148814729393e+01 3.103360018530461062e+01 3.548405287519944551e+01
3.392991505754132930e+01 1.559199633842123944e+01 3.901056997013139238e+01
5.126593456193894838e+01 1.007202033286870524e+01 3.965677200244390121e+01
2.756140630659911750e+01 2.168173499599154397e+01 4.260521161988059191e+01
1.966911547216222900e+01 2.604908147267861551e+01 3.451266896314476185e+01
9.774364118080502095e+00 4.343128545735484636e+01 2.894705452041890226e+01
1.455972519590881653e+01 5.132659661812568430e+01 3.226301796307376435e+01
9.700010848104817285e+00 4.340534248715768229e+01 3.245842909358680117e+01
1.966294166264588839e+01 3.035205339296162563e+01 3.491165366564862182e+01
1.357024770511758760e+01 3.961152607791901659e+01 4.068734768184568651e+01
4.249677249181055316e+01 1.358647729091317657e+01 3.253691945212455039e+01
2.221705335139224147e+01 1.684728740215820864e+01 2.570079563137769085e+01
2.737784797352483679e+01 7.409715968622506921e+00 2.401843959630279102e+01
1.527977153299976187e+01 3.064562595805420742e+01 2.938939924991685615e+01
2.590831114426379500e+01 2.333447735163719372e+01 4.210101593802913555e+01
4.830637674131237702e+01 1.523349800947663724e+01 3.245059551321168811e+01
2.083666951387947464e+01 2.130272440345869001e+01 3.469535086771113441e+01
2.592590626071289606e+01 4.012645631554457992e+01 2.619986199118622849e+01
3.464464332335231234e+01 1.442150338346196392e+01 2.674888098064959152e+01
4.954181663190230012e+01 2.194436733493017044e+01 2.246989713130088617e+01
8.271112275029199878e+00 3.306177056456351693e+01 2.601957224295985327e+01
5.175857228378801267e+01 1.633829038768388386e+01 2.886595565158232546e+01
3.889906074471766573e+01 1.270910755587585150e+01 2.977294631479592368e+01
3.163027063401134598e+01 1.258383871961626355e+01 2.509630934402425240e+01
2.361095312532082957e+01 1.766214085956907454e+01 3.387119268524764237e+01
3.179903447251346194e+01 1.359695771028707512e+01 3.905475288938106360e+01
8.060904172964663772e+00 3.972598656256424476e+01 3.677222782704711079e+01
4.835902500909134005e+01 1.720011825071063072e+01 4.153816023673693536e+01
2.033642491717931478e+01 3.815907521239315514e+01 2.313157177670630205e+01
5.397201860358175907e+01 2.362997298272548008e+01 3.203532109220229529e+01
4.997489261704605923e+01 7.806276890797664514e+00 3.509185910047957435e+01
2.157751551795071165e+01 2.148003752496591545e+01 2.539682594262906790e+01
9.165977432407045100e+00 4.217316250590026527e+01 3.258246667804056784e+01
3.446412806743222745e+01 1.797001044573280026e+01 4.197802284630645175e+01
4.249624738227340970e+01 3.466211336196418813e+01 3.292120370143025809e+01
1.875933715528863743e+01 3.170372902338347743e+01 3.569022761315945047e+01
1.801233782578785281e+01 5.412950163756753597e+01 2.807857319073078628e+01
1.897961037075998547e+01 4.480359539795318824e+01 2.081938905995851385e+01
3.767251347614144663e+01 1.491717387164006503e+01 2.505620077232254062e+01
4.717586751079344509e+01 1.359778768189507403e+01 2.998219133008959858e+01
2.166830401422926755e+01 2.033509078748716448e+01 3.641670126549060882e+01
4.887804962328080904e+01 9.512860316585365794e+00 3.362472964998288916e+01
1.848710634623498450e+01 4.876593062822712454e+01 1.850938747432370235e+01
2.676548519968534734e+01 1.403389754833337300e+01 4.277272957522555430e+01
4.353036268984321566e+01 1.318581489463500844e+01 2.509319330546952642e+01
2.369756202010925961e+01 2.024929426734255600e+01 4.161025559810460095e+01
5.350511380375495207e+01 2.741544458092982950e+01 2.847037161284664819e+01
3.753195824611822218e+01 3.354686653365602922e+01 3.754962999413532998e+01
2.686927134899847402e+01 3.682766369932328132e+01 2.721201645615924747e+01
3.030439032277212164e+01 1.395426336322185001e+01 4.160140419060439854e+01
2.032935117527429725e+01 4.104077786198355682e+01 3.979644252925024261e+01
4.990612425394164831e+01 2.540073640158956891e+01 4.004343076337443819e+01
2.348247344366915712e+01 3.349211820836318765e+01 3.677315380940212464e+01
3.551900501041447455e+01 2.721814668508634938e+01 2.097730570148624807e+01
1.055554824610439724e+01 4.146074188817981820e+01 3.894117045183892856e+01
5.139267576407407745e+01 1.101120586936144363e+01 2.849423188811492125e+01
4.733125735897495900e+01 2.234404032471137569e+01 2.170179430403561227e+01
4.692078932969176464e+01 8.984530089972437850e+00 2.296523118666583585e+01
6.765250918186674234e+00 3.743714927712077412e+01 3.654949495657323411e+01
4.311660411315871499e+01 1.428070690787669150e+01 2.656749486956111639e+01
2.102308014945472436e+01 3.078118519333642666e+01 2.708125744328713580e+01
4.980185652747115910e+01 3.253311557862790693e+01 2.893718358372169064e+01
5.033048723518164991e+01 8.275041352339082223e+00 3.912846959012130554e+01
4.142990589288813652e+01 2.798433019893063900e+01 2.174687100672930740e+01
3.730131096982222516e+01 2.463268630678410176e+01 4.234648986408405591e+01
2.154897066238510206e+01 4.711146981091120267e+01 1.968869763578726406e+01
4.306893201453993925e+01 1.846177435955305057e+01 2.152907631332312022e+01
4.937677872416442426e+01 3.186885627911970786e+01 3.587043226726372325e+01
2.229674337049687693e+01 4.615859879324118964e+01 2.512095948548881807e+01
5.225188468476640935e+01 2.977096763466721896e+01 3.387634605077843020e+01
1.704672399624019263e+01 5.243016710086333632e+01 3.437261450952114217e+01
4.590956992194002595e+01 7.773302700423212031e+00 2.684617947561543616e+01
2.321162559975749673e+01 4.871072271836374057e+01 3.019416755105404349e+01
3.735768067445483354e+01 1.414701877614985648e+01 3.726892650735210566e+01
2.228457367328445571e+01 1.392643754328410388e+01 3.701275203459402974e+01
1.601867602584003336e+01 3.128019080536208207e+01 2.706407872448240326e+01
4.293584582656936277e+01 3.098343573485380276e+01 3.915120342024398781e+01
2.986802970655396905e+01 1.019045641761473320e+01 2.224840479743856747e+01
3.332106995133679561e+01 3.584293709430451003e+01 3.715236101658013013e+01
4.101009344954695024e+01 3.394966774856676750e+01 2.713352800762379147e+01
5.033105034303455483e+01 3.233475216409445352e+01 3.285947884738016000e+01
4.984361224610091767e+01 9.255322328771903528e+00 2.292432424931599400e+01
3.757987219596331130e+01 3.291961791639268853e+01 3.810861603326985403e+01
3.909749572365208792e+01 2.656501105642866989e+01 2.108286285895091794e+01
3.232671445056465842e+01 3.741223478430391935e+01 3.212415418845682069e+01
1.910838583564558135e+01 4.547140739639006313e+01 1.978418765513797339e+01
1.529997035075687428e+01 3.447976761987352035e+01 2.278374595192514107e+01
1.005136188974259781e+01 3.991265130652470816e+01 2.329083771352728860e+01
4.346109050796339091e+01 2.177021090584952034e+01 4.184357900303903932e+01
1.859706669683103897e+01 5.153077720755834434e+01 3.236990582500549607e+01
3.603454703830000483e+01 2.677315945429809929e+01 2.090776773512315145e+01
1.967961765478479919e+01 2.356490280223528444e+01 2.907052103115416486e+01
3.431888917328834054e+01 1.667014812624251263e+01 4.097356421953123373e+01
1.362673966920246293e+01 3.206944103854804240e+01 3.912269489440705428e+01
1.610453969575703681e+01 3.861946943901813256e+01 2.218163317684118496e+01
5.249347499895411318e+01 1.345932876246767051e+01 2.574110184298072923e+01
5.308374551678596021e+01 2.191034220810216482e+01 2.824892958596314685e+01
9.707720655301294244e+00 3.148288685781575680e+01 3.047864191543484225e+01
2.339537097559892942e+01 1.087883119865335502e+01 2.726630171779578404e+01
3.235251333334114321e+01 1.445457947541899202e+01 2.943447071657347891e+01
2.400717139661502486e+01 1.504812311962919225e+01 2.849949817584502298e+01
2.933734569152547422e+01 3.478752412016731199e+01 2.452648902569458045e+01
4.400474385234260666e+01 3.473899163580988159e+01 3.243809604702953919e+01
4.868277919367263706e+01 2.350988151131768333e+01 2.213877496257221367e+01
4.793343243009583432e+01 3.356321142426423876e+01 3.384749605321338350e+01
4.925780824783494438e+01 2.448767560856953551e+01 2.246609572938673338e+01
2.620751229374454638e+01 4.514930961006636068e+01 3.157224868212547975e+01
1.609591792483299599e+01 5.156614649133562978e+01 2.979464809038788786e+01
2.966996880741604414e+01 1.508264956731558826e+01 4.206727911540670561e+01
3.618436957430114376e+01 2.715084158645533563e+01 2.104785026244301704e+01
8.629628519933511654e+00 3.227012952442598248e+01 3.438289883079424669e+01
2.553176694402937130e+01 4.343150608462855899e+01 3.575758265599770169e+01
2.359081390691359204e+01 8.779984466845588642e+00 2.610021136550202314e+01
3.802687599469438595e+01 2.216283797933937194e+01 4.237103599443737068e+01
8.810844099300368271e+00 4.125288999972067927e+01 3.499508741184632754e+01
2.533828441464587300e+01 4.482246807023837931e+01 3.469055006240079564e+01
1.694715283767833114e+01 5.343213598868908321e+01 2.812509902935005002e+01
1.290841963157428118e+01 4.856950073938698154e+01 3.706119714070592153e+01
3.532011226994828235e+01 2.134767811985859254e+01 2.045622218859655561e+01
1.845013879388208977e+01 4.227077063794705936e+01 3.994945848977346259e+01
4.217122123094485175e+01 3.109437529480262796e+01 3.905362517723492743e+01
1.262236149690837550e+01 4.278429250222857405e+01 2.342022881743235629e+01
4.699925828646237846e+01 1.424088050236665559e+01 4.141678454681377275e+01
5.098690726012386421e+01 1.189254567441071941e+01 2.921724603904548090e+01
1.120479384859935656e+01 4.075444788773374682e+01 3.970699629197329728e+01
2.202513974720457668e+01 1.963450066952643525e+01 2.447239424416087417e+01
1.284698721768654295e+01 3.585573105253016024e+01 4.125648715997953531e+01
3.521029278993768941e+01 2.618253691931527882e+01 2.063040978622230881e+01
2.365451649764511544e+01 8.639114559332082166e+00 3.953720881380356644e+01
2.253314797778960710e+01 1.249282091792857408e+01 2.625253358368767920e+01
9.488381840745809370e+00 4.271571218825068428e+01 3.386808703037943502e+01
2.849739964601952025e+01 3.768056712658452057e+01 3.190751234302457462e+01
3.542701520235701906e+01 2.290795266482099279e+01 2.038841032873615333e+01
2.728253258059947228e+01 4.063982209623173958e+01 2.918599798229954700e+01
1.625971973039537843e+01 3.702734312824305363e+01 2.216954305444323836e+01
1.288229539798814827e+01 3.522891456388386899e+01 2.194456687720377630e+01
4.157215552754625065e+01 2.147152306281574852e+01 2.107080679575281934e+01
5.133193177812277241e+01 1.258493742658707859e+01 3.406432598331343797e+01
1.578925849571492357e+01 5.158273970869442593e+01 3.690742970973389703e+01
3.161269691370826962e+01 3.736101584353779259e+01 3.376747159922496166e+01
2.618302583907999193e+01 7.330365218940721128e+00 2.632137690022954857e+01
3.607276576061192230e+01 3.391781558736094837e+01 3.796276835905681679e+01
3.476924951768269523e+01 2.464616874363254695e+01 2.036962366631484755e+01
4.430516086884083649e+01 3.065266102235899481e+01 3.930853355093621815e+01
2.055709122155771240e+01 2.772599570646738698e+01 3.603198202641743819e+01
4.794774391281073633e+01 1.787865833950654348e+01 4.156025078021865227e+01
3.760606370923169095e+01 1.261821914016373114e+01 3.000340536766166366e+01
3.317339659837097088e+01 1.988240162138487577e+01 2.051180175245319504e+01
1.190766075182787276e+01 3.258373744080034839e+01 3.974085647868216142e+01
2.255062235239038770e+01 1.459311321379725257e+01 2.670025640899644515e+01
4.706610118115388985e+01 2.467266027054276734e+01 2.161574468362285728e+01
3.516498508775286780e+01 2.625009394412040464e+01 4.226869536726529475e+01
4.482151722971996577e+01 2.054401244768554946e+01 4.170191225878756569e+01
3.959926959452914730e+01 3.113985210727915032e+01 2.365022022036762195e+01
2.047018168092525414e+01 4.913780876066672221e+01 2.469248945121880112e+01
4.616461736573133834e+01 1.488383280074853410e+01 2.175580341150351771e+01
3.302063374497791415e+01 1.964034265575416427e+01 4.250440248444264313e+01
5.244567459895628758e+01 1.408526107882941680e+01 2.518333513224646225e+01
4.457993208325011381e+01 2.019566948719877786e+01 2.130655493093708941e+01
1.710988605551586517e+01 4.665512446101353561e+01 4.335336225996373827e+01
2.563834986615364997e+01 4.047408535567840460e+01 3.716093297962169828e+01
1.395875926494547592e+01 3.853150788355956990e+01 2.204810056518212491e+01
5.266658787784833606e+01 2.709119612719733894e+01 2.659970611577718103e+01
2.399507334769380051e+01 3.361551480249948298e+01 3.689649429188831675e+01
