9.779284769618630691e+00
4.179958911953550960e+00
3.212628089564451894e+00
2.781939232574513809e+00
2.521983696361398408e+00
2.317483164400498286e+00
2.140868130341874398e+00
1.984310588985534807e+00
1.844338086451178027e+00
1.718717435254833559e+00
1.605697625090467762e+00
1.503788222428892984e+00
1.411693541447843536e+00
1.328286516684636265e+00
1.252585864633002588e+00
1.183731285334008287e+00
1.120961515703425615e+00
1.063599520962807965e+00
1.011044783556032556e+00
9.627693681274923643e-01
9.183140418425476126e-01
8.772823295082269324e-01
8.393323255945465133e-01
8.041673595907682381e-01
7.715269910867805780e-01
7.411794933070360303e-01
7.129163281032779853e-01
6.865484872314187026e-01
6.619042068756147978e-01
6.388274911054411254e-01
6.171770013305257763e-01
5.968250494395515027e-01
5.776565842351083502e-01
5.595681544049053713e-01
5.424668735082944782e-01
5.262694221302971487e-01
5.109011162768258840e-01
4.962950599135951268e-01
4.823913885516623590e-01
4.691366018603403409e-01
4.564829767179175435e-01
4.443880476090862897e-01
4.328141385444578826e-01
4.217279295930685956e-01
4.111000417449203193e-01
4.009046262801188587e-01
3.911189491179150601e-01
3.817229664558677293e-01
3.726988946794454471e-01
3.640307839412159630e-01
